%% 电机可选机型

% MILA项目_90kW

%%%%%%%%%%%%%%%%%%%%%%%%%%%%%%%%%%%%%%%%
% SPEED & TORQUE RANGES over which data is defined
Motor_Pe_50_s = struct;
%%%%%%%%%%%%%%%%%%%%%%%%%%%%%%%%%%%%%%%%
% mc_map_spd = [0 1500 2200 3000 4500 6000 7500 9000];
Motor_Pe_50_s.mc_map_spd = [0
1000 
1500 
2000 
2500 
3000 
3500 
4000 
4500 
5000 
5500 
6000 
6500 
7000 
7500 
8000 
8500 
9000 
9500 
10000 
10500 
11000 
11500 
12000 
12500 
13000 
13500 
14000 
14500 
15000 
]';
% w_EM_row = mc_map_spd *(2*pi/60);
% mc_map_trq=[-125 -105 -95 -85 -75 -65 -55 -45 -30 -15 -5 ...
% 	0 5 15 30 45 55 65 75 85 95 105 125];
% mc_map_trq=[-125 -105 -95 -85 -75 -65 -55 -45 -30 -15 -5 ...
%  	0 5 15 30 45 55 65 75 85 95 105 125]

Motor_Pe_50_s.mc_map_trq = fliplr([190
180
170
160
150
140
130
120
110
100
90
80
70
60
50
40
30
20
10
-10
-20
-30
-40
-50
-60
-70
-80
-90
-100
-110
-120
-130
-140
-150
-160
-170
-180
-190
]');
%%%%%%%%%%%%%%%%%%%%%%%%%%%%%%%%%%%%%%%%
% EFFICIENCY AND INPUT POWER MAPS 
%%%%%%%%%%%%%%%%%%%%%%%%%%%%%%%%%%%%%%%%
% mc_eff_map =[...
% 0.32	0.37	0.4	0.46	0.49	0.51	0.50	0.49	0.48	0.45	0.40	0.1	0.40	0.45	0.48	0.49	0.50	0.51	0.49	0.46	0.40	0.37	0.32    % 0
% 0.707	0.71	0.74	0.74	0.75	0.754	0.76	0.755	0.75	0.72	0.62	0.1	0.62	0.72	0.75	0.755	0.76	0.754	0.75	0.74	0.74	0.71	0.707   % 1500
% 0.707	0.71	0.74	0.74	0.75	0.754	0.76	0.755	0.75	0.72	0.62	0.1	0.62	0.72	0.75	0.755	0.76	0.754	0.75	0.74	0.74	0.71	0.707   % 2200
% 0.707	0.82	0.83	0.834	0.844	0.842	0.842	0.843	0.83	0.785	0.70	0.1	0.70	0.785	0.83	0.843	0.842	0.842	0.844	0.834	0.83	0.822	0.707   % 3000
% 0.707	0.82	0.83	0.834	0.844	0.803	0.84	0.847	0.855	0.817	0.71	0.1	0.71	0.817	0.855	0.847	0.84	0.803	0.844	0.834	0.83	0.822	0.707   % 4500
% 0.707	0.82	0.83	0.834	0.844	0.803	0.84	0.741	0.84	0.84	0.74	0.1	0.74	0.84	0.84	0.741 0.84	0.803	0.844	0.834 0.83	0.822	0.707   % 6000
% 0.707	0.82	0.83	0.834	0.844	0.803	0.84	0.741	0.825	0.825	0.76	0.1	0.76	0.825	0.825	0.741	0.84	0.803	0.844	0.834	0.83	0.822	0.707   % 7500
% 0.707	0.82	0.83	0.834	0.844	0.803	0.84	0.741	0.825	0.825	0.76	0.1	0.76	0.825	0.825	0.741	0.84	0.803	0.844	0.834	0.83	0.822	0.707]; % 9000

Motor_Pe_50_s.mc_eff_map = 0.01 * [...
55.98 	61.14 	69.88 	75.04 	78.44 	81.09 	83.14 	84.33 	85.92 	87.36 	nan	nan	nan	nan	nan	nan	nan	nan	nan	nan	nan	nan	nan	nan	nan	nan	nan	nan	nan	nan
58.56 	63.44 	71.76 	76.64 	79.87 	82.40 	84.29 	85.63 	86.87 	87.81 	nan	nan	nan	nan	nan	nan	nan	nan	nan	nan	nan	nan	nan	nan	nan	nan	nan	nan	nan	nan
60.84 	65.45 	73.47 	78.08 	81.17 	83.45 	85.32 	86.57 	87.68 	88.58 	89.57 	nan	nan	nan	nan	nan	nan	nan	nan	nan	nan	nan	nan	nan	nan	nan	nan	nan	nan	nan
62.81 	67.19 	74.96 	79.34 	82.22 	84.43 	86.19 	87.36 	88.41 	89.15 	89.98 	90.42 	nan	nan	nan	nan	nan	nan	nan	nan	nan	nan	nan	nan	nan	nan	nan	nan	nan	nan
64.61 	68.84 	76.27 	80.50 	83.27 	85.27 	86.94 	88.06 	88.99 	89.72 	90.49 	90.66 	nan	nan	nan	nan	nan	nan	nan	nan	nan	nan	nan	nan	nan	nan	nan	nan	nan	nan
66.42 	70.46 	77.43 	81.47 	84.12 	86.07 	87.58 	88.62 	89.52 	90.22 	90.98 	91.37 	90.85 	nan	nan	nan	nan	nan	nan	nan	nan	nan	nan	nan	nan	nan	nan	nan	nan	nan
68.00 	71.79 	78.55 	82.35 	84.86 	86.71 	88.22 	89.14 	89.97 	90.64 	91.33 	91.91 	91.61 	90.83 	nan	nan	nan	nan	nan	nan	nan	nan	nan	nan	nan	nan	nan	nan	nan	nan
69.55 	73.17 	79.58 	83.20 	85.56 	87.29 	88.74 	89.64 	90.40 	91.07 	91.71 	92.19 	92.27 	91.56 	89.89 	90.00 	nan	nan	nan	nan	nan	nan	nan	nan	nan	nan	nan	nan	nan	nan
70.91 	74.39 	80.44 	83.92 	86.17 	87.86 	89.26 	90.10 	90.79 	91.41 	91.96 	92.56 	92.86 	92.64 	91.59 	90.96 	90.54 	nan	nan	nan	nan	nan	nan	nan	nan	nan	nan	nan	nan	nan
72.24 	75.55 	81.34 	84.65 	86.72 	88.34 	89.67 	90.43 	91.11 	91.74 	92.24 	92.80 	93.11 	92.95 	92.58 	92.37 	91.23 	89.66 	nan	nan	nan	nan	nan	nan	nan	nan	nan	nan	nan	nan
73.42 	76.50 	82.10 	85.19 	87.29 	88.75 	90.04 	90.76 	91.42 	91.98 	92.44 	92.95 	93.39 	93.38 	93.17 	93.14 	92.67 	91.68 	90.04 	91.25 	nan	nan	nan	nan	nan	nan	nan	nan	nan	nan
74.80 	77.74 	82.77 	85.71 	87.77 	89.17 	90.41 	91.02 	91.66 	92.27 	92.71 	93.06 	93.42 	93.75 	93.74 	93.83 	93.45 	92.99 	92.38 	91.47 	90.85 	90.33 	nan	nan	nan	nan	nan	nan	nan	nan
75.78 	78.44 	83.56 	86.23 	88.21 	89.48 	90.66 	91.30 	91.88 	92.46 	92.92 	93.21 	93.69 	93.94 	93.83 	94.00 	93.91 	93.71 	93.27 	92.64 	92.36 	91.17 	90.39 	90.04 	90.31 	89.99 	nan	nan	nan	nan
77.14 	79.66 	84.21 	86.73 	88.62 	89.80 	90.96 	91.56 	92.07 	92.58 	93.03 	93.34 	93.66 	94.03 	94.07 	94.44 	94.31 	94.21 	93.82 	94.06 	93.72 	93.50 	92.83 	92.60 	91.45 	90.64 	90.48 	90.33 	90.07 	nan
78.09 	80.40 	84.94 	87.25 	89.04 	90.21 	91.30 	91.76 	92.17 	92.71 	93.20 	93.49 	93.73 	93.83 	94.24 	94.67 	94.41 	94.59 	94.34 	94.01 	93.90 	93.78 	93.81 	93.45 	93.11 	92.61 	92.53 	91.69 	90.79 	nan
79.45 	81.66 	85.65 	87.86 	89.31 	90.47 	91.56 	91.93 	92.21 	92.86 	93.18 	93.55 	93.76 	93.98 	94.00 	94.45 	94.45 	94.49 	94.66 	94.42 	94.36 	94.13 	93.84 	93.59 	93.44 	93.26 	93.15 	93.10 	92.97 	87.87 
80.83 	82.73 	86.34 	88.25 	89.71 	90.77 	91.78 	92.08 	92.21 	92.86 	93.23 	93.29 	93.53 	93.86 	93.92 	94.25 	94.49 	94.31 	94.41 	94.34 	94.23 	94.62 	94.04 	93.65 	93.14 	93.62 	92.98 	92.94 	92.52 	91.58 
82.55 	84.26 	86.97 	88.68 	89.91 	90.94 	91.94 	91.89 	91.97 	92.54 	92.96 	93.14 	93.07 	93.23 	93.27 	93.32 	93.64 	93.84 	93.86 	93.93 	93.80 	93.95 	93.58 	93.13 	93.23 	92.87 	92.48 	92.75 	91.40 	93.22 
83.66 	84.84 	87.12 	88.31 	89.24 	90.13 	91.85 	91.07 	90.91 	91.62 	91.68 	91.92 	91.44 	91.96 	92.25 	91.70 	92.20 	92.49 	92.23 	92.04 	92.38 	92.09 	90.84 	91.62 	91.43 	90.83 	89.21 	89.59 	90.96 	89.23 
84.52 	86.26 	87.38 	89.12 	89.71 	89.76 	91.01 	90.86 	90.51 	90.96 	91.11 	91.02 	90.87 	90.66 	90.23 	90.22 	89.88 	90.13 	90.29 	91.66 	90.66 	88.18 	88.89 	88.81 	89.35 	88.52 	88.40 	88.67 	88.33 	87.64 
81.40 	83.53 	86.46 	88.59 	90.01 	90.59 	91.69 	91.86 	92.04 	92.44 	92.32 	92.62 	92.80 	93.04 	92.47 	92.93 	92.94 	93.19 	93.19 	93.63 	93.49 	92.72 	92.72 	92.78 	92.43 	92.63 	92.45 	92.07 	92.36 	91.18 
78.23 	80.83 	85.22 	87.82 	89.12 	90.22 	91.58 	91.73 	91.92 	92.52 	92.76 	92.83 	92.96 	93.22 	93.25 	93.36 	93.50 	93.64 	93.83 	93.62 	93.85 	93.59 	93.44 	93.23 	93.26 	93.35 	92.94 	92.91 	92.95 	93.17 
76.29 	79.15 	84.15 	87.01 	88.60 	89.87 	91.05 	91.28 	91.78 	92.34 	92.76 	92.93 	93.20 	93.50 	93.41 	93.61 	93.57 	93.98 	93.95 	93.95 	93.85 	93.89 	93.93 	93.83 	93.51 	93.43 	93.52 	93.33 	93.18 	93.06 
74.28 	77.39 	83.24 	86.35 	88.07 	89.48 	90.61 	91.16 	91.76 	92.21 	92.64 	92.99 	93.10 	93.43 	93.39 	93.60 	93.96 	94.00 	93.96 	94.20 	94.06 	93.84 	93.64 	93.61 	93.37 	93.22 	93.22 	93.11 	92.72 	92.98 
72.70 	75.83 	82.29 	85.42 	87.55 	89.04 	90.30 	90.87 	91.49 	92.11 	92.45 	92.79 	92.98 	93.40 	93.55 	93.68 	93.83 	93.82 	93.80 	93.97 	93.71 	93.60 	93.37 	93.18 	92.95 	92.64 	92.35 	92.23 	92.48 	92.85 
71.04 	74.54 	81.31 	84.81 	87.04 	88.56 	89.91 	90.52 	91.26 	91.78 	92.31 	92.71 	92.84 	93.18 	93.46 	93.50 	93.61 	93.50 	93.49 	93.40 	93.01 	93.24 	92.73 	92.36 	92.51 	92.43 	nan	nan	nan	nan
68.90 	72.75 	80.25 	84.09 	86.51 	88.13 	89.45 	90.19 	90.91 	91.49 	92.09 	92.49 	92.54 	92.99 	92.99 	93.22 	93.43 	93.29 	92.97 	92.86 	92.57 	92.87 	92.62 	nan	nan	nan	nan	nan	nan	nan
67.01 	71.13 	79.16 	83.28 	85.83 	87.63 	89.00 	89.82 	90.65 	91.27 	91.80 	92.25 	92.36 	93.01 	92.96 	92.94 	92.93 	92.69 	92.26 	92.62 	nan	nan	nan	nan	nan	nan	nan	nan	nan	nan
65.09 	69.40 	78.07 	82.38 	85.19 	87.05 	88.53 	89.39 	90.21 	90.96 	91.44 	91.96 	92.06 	92.73 	92.68 	92.55 	92.42 	92.09 	92.20 	nan	nan	nan	nan	nan	nan	nan	nan	nan	nan	nan
62.70 	67.36 	76.79 	81.45 	84.40 	86.43 	87.97 	88.98 	89.83 	90.48 	91.17 	91.53 	91.85 	92.36 	92.02 	91.88 	91.99 	nan	nan	nan	nan	nan	nan	nan	nan	nan	nan	nan	nan	nan
60.28 	65.25 	75.41 	80.38 	83.57 	85.76 	87.31 	88.39 	89.39 	90.12 	90.53 	91.32 	91.51 	91.93 	91.53 	91.63 	nan	nan	nan	nan	nan	nan	nan	nan	nan	nan	nan	nan	nan	nan
